[1, 2, 3, 4, 5, 6]
[2, 1, 4, 3, 6, 5]
[3, 4, 5, 6, 1, 2]
[4, 3, 6, 5, 2, 1]
[5, 6, 1, 2, 3, 4]
[6, 5, 2, 1, 4, 3]
------------------------------------------------------
[1, 2, 3, 4, 5, 6]
[2, 1, 4, 3, 6, 5]
[3, 4, 5, 6, 1, 2]
[4, 3, 6, 5, 2, 1]
[5, 6, 1, 2, 4, 3]
[6, 5, 2, 1, 3, 4]
------------------------------------------------------
[1, 2, 3, 4, 5, 6]
[2, 1, 4, 3, 6, 5]
[3, 4, 5, 6, 1, 2]
[4, 3, 6, 5, 2, 1]
[5, 6, 2, 1, 3, 4]
[6, 5, 1, 2, 4, 3]
------------------------------------------------------
[1, 2, 3, 4, 5, 6]
[2, 1, 4, 3, 6, 5]
[3, 4, 5, 6, 1, 2]
[4, 3, 6, 5, 2, 1]
[5, 6, 2, 1, 4, 3]
[6, 5, 1, 2, 3, 4]
------------------------------------------------------
The number of inequivalent Squares are 1868
The time to run for n = 6, is 19.379321284 seconds
